# Generated by: CFG Studio 2.0.380
# Generated on: 2023-01-15 20:06:48
# File format: GTAVC/SA surface.dat
#
# Standard data:
Rubber 5.00 2.5 1.25 0.62 0.31 0.15
Hard 2.5 5.0 2.5 1.25 0.62 0.31
Road 1.25 2.5 5.0 2.5 1.25 0.62
Loose 0.62 1.25 2.5 5.0 2.5 1.25
Sand 0.31 0.62 1.25 2.5 5.0 2.5
Wet 0.15 0.31 0.62 1.25 2.5 5.0
